BD_POWER daily PRECTOTCORR mm/day; rows: city|lat|lon|series  (NASA POWER Daily API v2.10, community RE, fetched 2026-10-08)
dates2026 20260601..20261005 n=127; dates2025 20250601..20251005 n=127
climatology: NASA POWER Climatology API, MERRA2, 20-year monthly means Jan 2001 - Dec 2020 (JAN..DEC,ANN)
Khulna|22.85|89.54|P2026:0,0.49,0.39,2.55,13.46,17.24,27.04,9.19,24.21,54.04,41.13,22.27,7.36,8.14,9.51,5.72,3.56,10.69,36.76,4.31,11.14,19.68,6.02,1.69,8.5,10.7,3.31,0.82,8.31,11.19,17.45,6.71,1.17,5.93,10.72,15.2,25.11,30.97,54.11,79.47,42.75,34.04,36.03,17.77,3.14,7.33,6.27,5.68,11.49,20.36,31.35,14.62,27.95,39.45,7.14,4,6.23,7.28,11.15,26.24,12.48,7.74,11.91,9.81,6.8,22.12,23.93,22.04,5.37,1.74,5.61,6.14,14.56,12.5,3.94,3.59,8.69,22.17,16.81,7.89,2.62,1.11,2.65,3.56,4,3.66,9.53,3.15,10.03,4.93,6.12,18.91,17.65,13.21,18.09,9.06,7.84,10.42,6.61,8.06,9.83,3.92,6.14,5.37,3.06,2.39,0.64,0.51,3.81,3.69,3.05,4.57,1.82,4.45,12.56,15.73,14.31,7.8,1.71,0.65,0.21,0.4,0.66,1.76,0.44,0.25,0.61
Khulna|P2025:16.12,9.05,22.6,23.74,4.81,11.29,6.33,2.27,1.73,2.07,5.33,2.9,0.89,1.1,2.48,18.49,52.39,24.27,19.27,18.21,5.41,5.98,6.34,6.16,7.74,7.68,14.4,17.73,6.68,13.21,8.01,10.75,17.89,32.77,36.64,11.16,33,68.53,52.03,33.52,9.76,5.59,18.91,73.34,18.52,22.7,9.08,3.01,4.12,3.72,3.68,2.71,9.22,21.64,24.37,19.2,14.33,21.37,32.75,37.42,33.89,18.84,4.96,13.7,17.79,17.89,11.73,6.5,14.14,6.93,8.73,1.37,2.85,10.06,11.12,6.68,3.59,9.39,4.67,12.95,23.13,13.13,22.66,13.86,9.37,5.43,0.81,3.8,3.35,16.96,14.59,8.11,5.28,28.72,9.73,3.73,2.56,0.35,0.22,0.28,1.2,0.56,2.97,7.2,5.64,4.93,12.77,16.08,5.16,13.82,6.94,15.55,9.6,39.64,8.59,0.92,5.32,4.61,1.54,0.8,0.68,1.56,21.4,18.99,11.89,9.94,12
Khulna|climP:0.29,0.73,1.15,2.58,6.29,9.44,12.08,10.29,8.18,5.52,1.01,0.47,4.86
Khulna|climT:17.68,22.4,27.65,31.03,30.84,29.31,28.39,28.15,27.66,26.05,22.19,18.4,25.82
Rangpur|25.74|89.25|P2026:0,1.25,0,3.65,16.01,11.37,6.4,6.95,18.02,22.37,21.96,2.25,12.7,1.43,14.66,11.58,12.88,17.72,13.23,8.98,25.38,17.5,17.71,5.69,27.37,6.77,8.79,33.69,44.42,23.57,1.73,7.74,0.32,0.24,3.98,5.32,28.68,41.09,50.55,17.01,19.64,5.25,63.71,4.77,1.41,1.3,18.28,14.9,23.23,34.42,7.69,14.47,8.72,3.05,0.31,1.5,1.57,6.04,2.97,4.23,7.85,8.04,10.7,20.17,33.38,40.42,3.23,3.06,6.68,5.23,4.65,4.62,3.39,2.62,0.25,0.6,2.13,10.27,9.5,1.8,7.9,4.82,1.76,10.22,5.23,2.23,2,2.04,3.6,4.9,8.26,11.8,18.42,8.21,16.23,10.35,10.98,11.69,11.43,7.92,4.42,6.17,7.57,5.42,5.69,2.21,2.76,7.08,7.9,5.65,1.61,2.56,0.47,4.53,7.43,13.26,4.16,0.79,1.09,0.22,0.12,0.18,0.66,1.03,0.8,0.99,1.67
Rangpur|P2025:27.12,25.86,25.28,40.46,4.38,2.92,3.04,0.17,3.13,0.18,1.06,0.61,2.16,1.57,4.33,9.71,7.72,14.56,18.59,22.86,11.06,2.99,13.11,47.27,3.37,4.6,3.46,2.44,2,1.73,5.49,5.02,6.33,6.77,8.22,3.74,1.99,5.76,10.44,7.38,0.45,0.02,5.56,30.37,15.76,25.01,23.04,5.3,14.26,40.89,11.82,5.96,0.63,8.24,6.74,7.54,21.49,17.33,11.02,9.89,16.14,19.07,22.39,44.8,22.78,30.81,16.18,11.5,24.91,21.19,18.72,26.65,18.43,47.85,10.61,1.81,4.23,5.44,15.66,7.37,8.36,11.63,12.31,8.08,8.74,3.73,1.51,9.17,9.72,14.84,4.34,6.68,1.62,15.29,6.02,0.93,1.63,1.56,2.03,6.81,4.3,12.74,10.36,16.16,19.69,42.39,46.86,31.98,23.65,24.4,15.14,4.75,2.34,2.54,1.05,0.22,0.06,0.11,1.13,0.58,0.89,12.53,24.23,13.66,13.37,42.44,58.94
Rangpur|climP:0.24,0.44,0.99,4.17,7.81,11.5,12.5,10.23,10.64,5.53,0.23,0.11,5.39
Rangpur|climT:16.6,20.69,26.05,29.73,30.31,29.69,29.02,28.86,27.97,25.65,21.54,17.75,25.34
Sylhet|24.9|91.87|P2026:5.04,19.87,13.72,13.89,20.75,10.41,24.21,46.64,17.71,21.92,9.17,6.91,49.05,35.85,25.58,27.27,38.1,30.64,51.61,48.14,75.17,50.62,23.56,28.75,22.4,8.15,21.98,41.19,49.7,8.9,25.38,15.89,4.28,3.45,26.88,19.42,73.76,138.38,67.03,74.47,48.65,55.86,24.4,22.93,19.72,17.88,100.66,44.81,100.99,37.99,19.23,33.59,29.73,4.8,6.16,4.46,5.93,17.87,12.43,35.99,28.53,27.13,20.9,20.25,85.53,45.43,15.91,18.77,0.73,21.45,17.77,11.39,7.3,16.34,5.12,7.84,20.47,51.01,23.86,4.65,22.79,19.1,19.7,25.37,34.84,24.46,7.58,14.84,21.91,20.5,15.58,8.6,50.6,6.33,5.62,10.36,9.17,17.25,4.43,6.12,4.7,4.49,5.2,4.24,3.28,2.38,1.72,3.42,6.43,1.01,2.4,14.79,0.97,8.4,14.63,3.58,2.75,1.77,0.81,0.36,0.99,4.67,4.21,2.92,2.51,0.04,1.69
Sylhet|P2025:77.01,29.96,36.54,37.24,26.02,20.04,7.53,0.05,3.21,3.6,8.16,0.3,7.05,6.07,25.72,8.94,25,42.11,37.51,27.86,16.37,24.46,18.55,8.18,51.63,7.74,4.6,3.27,15,26.77,19.63,16.28,3.45,25.57,15.18,17.71,22.21,40.96,42.15,22.15,4.31,0.79,1.38,27.65,11.96,51.31,25.97,0.89,12.32,53.66,11.39,7.37,8.35,11.85,17.35,39.39,57.79,27.89,19.5,26.03,47.74,26.63,74.93,64.16,93.48,28.31,53.6,9.07,37.33,38.9,36.54,23.6,25.39,25.22,6.27,13.96,18.17,2.5,22.91,38.58,28.9,40.78,14.47,27.53,12.19,8.38,13.48,13.7,47,26.3,7.94,4.16,3.52,12.75,15.41,4.99,11.57,31.61,19.6,5.12,38.04,0.99,14.85,22.84,9.57,60.94,34.65,71.91,6.99,18.06,11.5,2.13,9.79,14.08,9.18,10.32,1.45,1.86,14.36,18.28,4.59,5.43,18.87,42.01,27.33,17.5,12.74
Sylhet|climP:0.36,1.2,3.17,12.58,17.42,23.38,22.35,17.59,14.39,7.45,0.79,0.68,10.15
Sylhet|climT:17.08,19.72,24.06,26.8,27.75,28.02,27.99,28.04,27.48,25.84,22.13,18.48,24.47
Rajshahi|24.37|88.6|P2026:0,0,0,8.82,9.15,9.38,15.91,4.13,12.97,14.31,21.73,11.88,9.32,0.7,3.35,4.83,5.94,8.48,18.16,2.75,2.54,4.58,2.59,1.18,5.39,4.55,0.73,1.49,11.33,14.48,3.36,4.3,0.45,1.09,6.51,8.37,15.44,16.46,29.87,36.14,41.06,6.72,32.43,6.4,1.73,3.09,7.23,12.16,9.66,22.11,33.63,18.66,7.55,9.82,2.77,3.28,3.31,5.9,4.47,5.73,13.47,4.31,6.57,11.7,19.41,17.48,14.68,7.69,5.55,1.83,5.45,8.53,8.12,6.98,2.01,2.18,1.53,7.72,20.39,10.55,3.71,2.31,2.08,3.16,7.7,2.55,3.52,2.68,4.8,8.84,6.45,14.45,19.52,31.24,22.54,18.37,9.58,5.79,7.58,8.34,4.67,5.38,4.62,4.65,4.64,2.16,2.01,5.34,7.12,5.39,3.1,4.17,0.73,3.58,8.24,14.28,7.42,6.65,1.14,0.66,0.17,0.44,0.6,1.47,0.15,0.27,0.89
Rajshahi|P2025:16.12,13.06,12.52,20.33,3.52,3.56,1.69,1.45,1.44,0.29,1.1,0.14,0.26,0.06,2.85,9.63,21.94,15.97,10.07,22.22,4.39,3.51,15.66,12.06,5.07,5.51,5.23,1.88,1.68,4.73,8.17,6.92,11.29,17.78,9.91,8.2,5.33,16.06,37.18,17.17,1.43,0.48,6.85,55.87,28.08,21.75,12.93,7.22,5.13,10.17,7.89,2.42,0.81,9.26,8.33,5.62,16.45,10.85,28.52,17.71,20.75,17.27,22.36,43.41,25.35,17.74,8.61,10.69,13.77,2.49,5.57,3.57,8.75,15.31,14.61,3.5,3.25,6.43,5.59,3.84,7.68,16.08,40.47,12.82,10.65,3.6,0.84,1,2.19,9.26,7.2,7.5,1.36,17.9,6.49,2.27,3.09,0.86,0.2,0.25,1.87,7.09,19.31,11.85,12.95,15.5,36.34,34.21,6.07,14.49,6.94,12.99,6.31,14.35,4.18,0.9,0.2,0.1,0.47,0.49,0.61,8.13,29.03,16.71,9.72,19.71,27.2
Rajshahi|climP:0.25,0.41,0.85,2.67,5.09,7.46,9.21,7.45,7.37,4.41,0.3,0.2,3.82
Rajshahi|climT:16.59,21.1,26.78,30.91,31.57,30.37,28.99,28.65,27.88,25.81,21.63,17.59,25.67
Mymensingh|24.75|90.41|P2026:1.44,6.28,3.49,8.02,14.89,7.92,10.39,15.04,13.37,21.81,14.61,6.6,50.58,19.83,24.75,25.37,18.57,19.29,23.79,20.86,36.92,34.04,15.48,9.67,13.69,2.55,7.22,20.38,31.91,10.93,11.87,22.67,3.2,3.69,15.04,10.65,51.35,102.59,54.12,44.71,41.52,35.69,44.68,11.66,9.81,7.27,41.32,24.2,45.41,29.88,9.04,19.92,17.3,4.38,1.93,2.25,6,13.6,9.21,17.56,12.49,12.92,14.98,30.25,62.4,46.58,12.64,9.23,1.11,10.39,12.4,11.61,7.73,8.23,2.14,4.11,8.96,26.06,13.96,3.77,19.71,10.57,8.18,16.35,15.04,10.36,4.26,7.22,6.09,9.2,11.34,8.42,8.84,3.12,11.76,12.58,10.55,17.36,3,5.37,2.77,9.35,7.33,2.42,2.37,2.6,1.61,3.08,6.52,1.79,1.63,12.41,1.64,5.14,26.11,5.63,1.82,1.19,1.01,0.28,0.12,0.18,1.3,2.71,2.05,0.09,0.31
Mymensingh|P2025:51.04,24.63,26.6,39.92,18.68,16.52,12.71,0.12,10.18,2.38,7.28,0.68,14.29,7.59,12.91,6.63,14.37,25.45,25.93,18.46,18.67,14.96,20.56,15.26,23.1,10.02,4.55,3.49,11.18,10.55,11.15,5.47,6.43,14.52,13.4,12.61,12.92,26.36,26.83,17.19,2.84,0.68,8.39,37.55,14.74,59.35,39.92,1.18,7.3,29.45,7.42,6.64,7.92,18.36,21.09,24.35,39.87,17.92,12.01,23.65,35.18,18.64,28.28,46.75,56.37,27.28,27.61,7.74,33.37,22.28,21.6,10.54,24.31,23.7,6.01,9.97,11.58,1.68,20.8,13.84,19.03,18.02,12.09,14.44,9.1,3.62,8.65,16.13,27.2,20.3,5.41,5.75,3.27,14.55,6.15,1.92,7.98,11.83,13,5.55,11.19,2.71,5.43,13.23,9.09,71.25,25.15,58.02,7.29,18.88,13.9,1.74,5.52,9.74,2.57,2.52,0.95,0.72,6.35,5.54,1.71,11.99,20.11,29.35,15.86,16.91,18.45
Mymensingh|climP:0.44,0.88,2.12,8.36,12.47,16.98,16.66,13.15,11.72,6.66,0.58,0.41,7.56
Mymensingh|climT:17.35,20.96,25.68,28.27,28.57,28.36,28.13,28.06,27.49,25.78,22.1,18.49,24.95
Barishal|22.7|90.37|P2026:0.61,2.19,1.16,5.39,15.79,29.23,29.57,12.2,13.93,54.95,15.73,28.16,7.56,17.06,6.08,19.1,14.1,13.44,14.62,2.79,21.02,15.84,13.34,8.6,16.36,14.59,2.69,13.78,41.37,18.65,14.73,13.44,4.63,12.61,33.8,51.96,132.65,80.58,50.59,80.69,37.22,36.16,29.14,10.9,4.48,15.64,19.32,13.36,14.8,45.35,44.75,28.61,32.03,23.8,10.48,10.61,25.43,22.51,30.39,34.9,18.69,13.9,16.91,31.39,22.1,43.53,48.4,45.56,13.58,4.57,11.08,11.42,21.29,48.73,10.52,8.27,25.64,85.19,29.45,11.98,10.44,2.72,3.31,7.05,15.49,12.42,7.9,1.68,12.1,8.16,21.9,21.72,16.2,38.39,50.01,7.87,7.49,6.08,4.46,6.17,7.13,3.75,6.34,1.8,2.17,1.23,0.94,1.5,1.51,0.12,1.84,15.7,2.47,1.58,4.91,11.7,4.62,1.6,0.36,0.71,0.81,0.3,1.89,1.01,1.54,2.32,2.1
Barishal|P2025:28.99,35.58,29.2,29.8,4.95,9.46,9.94,2.05,3.86,7.34,6.61,7.05,1.79,3.04,27.14,17.63,72.87,48.73,51.68,50.6,45.36,21.49,9,10.55,20.71,15.26,39.3,20.72,9.19,16.98,5.05,20.49,13.64,27.08,38.16,52.08,116.88,132.1,90.82,38.56,21.33,16.78,14.64,57.06,9.54,9.53,10.44,13.47,8.44,11.73,9.35,7.85,10.93,58.62,36.83,33.4,40.04,46.42,39.68,50.97,37.1,19.25,6.87,16.8,16.76,23.82,20.65,39.06,42.15,9.25,4.45,3.29,2.09,27.67,13.28,6.39,6.92,12,4.94,12.08,29.01,40.85,63.51,37.58,25.87,11.83,1.28,7.31,6.52,19.45,4.94,2.64,6.05,5.36,9.1,5.66,4.98,1.44,4.22,3.28,8.13,9.54,8.9,24.18,27.88,24.1,24.32,17.02,2.05,2.41,4.02,7.65,24.47,47.24,11.49,1.99,6,3.62,1.28,6.63,8.87,10.88,38.76,53.19,16.73,11.42,9.83
Barishal|climP:0.32,0.85,1.42,3.94,8.93,16.09,22.33,16.2,12.42,8.27,2.02,0.55,7.82
Barishal|climT:18.27,22.22,26.82,29.15,29.4,28.76,28.18,28.02,27.88,26.7,23.16,19.4,25.67
Dhaka|23.81|90.41|P2026:0.32,3.87,1.54,1.3,8.11,10.02,17.1,8.95,11.21,24.71,11.4,20.79,24.33,24.3,10.63,15.41,8.74,15.94,24.41,4.7,22.2,45.11,4.44,4.51,12.35,5.89,3.82,0.43,4.69,9.97,10.25,7.79,2.74,17.57,7.45,7.09,32.73,75.92,32.51,51.03,47.5,44.04,45.32,18.53,5.77,13.43,11.07,10.11,12.18,22.25,19.49,19.38,14.64,9.3,2.84,3.7,3.31,3.73,13.64,17.83,12.2,5.22,10.63,17.17,22.15,20.19,30.66,9.86,4,6.64,6.22,17,13.97,8.58,2.01,2.33,3.82,16.31,14.16,6.64,5.56,10.18,17.03,20.87,7.64,8.69,6.41,4.47,13.27,6.63,7,4.78,8.83,19.3,15.14,9.49,6.26,19.48,4.76,6.92,5.59,5.89,4.91,3.68,3.09,1.41,1.17,2.4,2.09,0.63,2.44,5.33,2.75,5.14,6.17,7.98,2.45,1.37,0.64,0.33,0.25,0.32,1.4,1.25,1.43,0.11,0.61
Dhaka|P2025:40.46,28.24,24.83,30.25,23.09,18.65,13.97,0.3,4.02,13.08,12.2,17.9,3.12,5.81,3.85,9.76,23.4,16.64,13.08,12.97,7.02,4.42,12.35,2.91,12.17,8.33,5.08,2.22,2.6,5.49,4.63,5.85,3.77,17.84,9.84,8.53,13.95,43.02,49.55,34.31,18.09,7.88,8.82,24.31,14.26,32.75,22.66,6.09,1.43,15.01,7.45,7.46,19.01,25.82,11.42,18.37,18.78,25.36,17.53,14.29,23.99,17.19,10.74,23.85,51.55,21.05,19.62,20.82,20.42,18.05,12.13,0.87,0.66,25.97,12.16,9.54,15.78,11.35,12.66,11.85,11.03,7.18,14.09,9.8,7.73,6.19,7.39,5.49,7.69,11.06,6.81,13.93,11.65,17.37,2.98,6.69,1.46,8.68,17.79,8.18,11.38,3.99,3.19,17.99,15.31,24.16,30.84,23.6,1.67,9.32,7,2.09,7.87,47.92,3.39,4.73,10.91,5.75,4.76,7.71,2.74,13.98,40.63,19.72,12,8.93,7.24
Dhaka|climP:0.32,0.74,1.74,5.85,10.01,12.89,13.04,10.54,9.02,5.67,1.02,0.52,5.97
Dhaka|climT:17.65,21.68,26.74,29.55,29.61,28.77,28.39,28.24,27.79,26.14,22.54,18.87,25.51
Chattogram|22.36|91.78|P2026:3.75,4.45,0.47,2.54,3.31,11.22,32.34,11.28,12.07,44.51,4.27,42.57,10.51,27.55,3.99,12.71,14.39,16.87,25.74,6.47,24.11,13.23,12.25,17.05,18.77,5.7,2.14,24.51,49.11,19.75,13.76,24.13,3.34,14.03,51.31,95.23,186.79,121.68,67.06,90.4,38.38,43.82,59.74,7.39,3.81,14.17,23.11,15.91,23.58,24.86,12.59,45.14,36.76,31.36,10.6,6.63,28.55,21.88,38.24,29.15,16.93,15,25.58,43.36,31.8,67.41,78.95,18.44,12.6,2.31,14.51,12.4,21.4,50.74,13.65,5.36,26.42,95.04,32.01,11.01,8.71,2.65,2.75,7.21,23.31,17.18,6.79,2.17,13.68,4.84,21.22,17.06,12.53,12.4,54.39,10.19,7.56,16.29,7.82,5.1,4.37,2.99,13.16,6.55,3.39,1.5,1.41,2.06,2.39,2.28,4.04,5.17,3.99,3.41,4.09,5.47,4.21,1.74,0.09,0.71,4.24,6.08,3.2,2.18,1.02,1.93,1.57
Chattogram|P2025:53.55,62.39,25.39,34.78,9.25,6.49,6.22,1.48,4.48,12.73,14.61,9.92,3.1,1.41,27.99,21.53,90.48,57.32,57.24,45.05,37.59,27.87,13.8,8.21,8.92,9.63,42.41,22.52,7.58,9.48,7.26,20.43,10.33,34.72,22.64,50.31,103.45,130.58,90,31.33,28.63,11.55,15.48,37.71,6.94,4.73,7.39,21.34,11.75,20.6,11.22,12.53,7.4,56.15,28.44,38.38,62.12,71.81,21.95,28.53,34.06,25.34,16.38,41.41,18.31,28.77,32.48,54.67,47.05,8.01,6.18,0.58,0.83,63.9,13.45,3.17,12.85,12.09,4.35,6.78,20.71,64.31,64.47,51.69,35.06,13.55,1.13,11.14,11.21,9.51,1.57,1.92,3.5,1.31,4.14,5.77,5.78,4.87,8.7,9.79,16.4,18.39,11.88,26.49,33.95,49.84,29.35,26.71,1.77,2.46,2.8,13.51,38.04,24.66,8.12,7.44,10.46,3.81,1.47,7.06,11.85,12.92,46.86,25.8,18.49,10.63,7.74
Chattogram|climP:0.28,0.68,1.31,4.19,9.84,18.37,25.21,17.12,13.17,7.52,1.87,0.44,8.38
Chattogram|climT:18.45,21.81,26.1,28.41,28.79,28.4,27.9,27.82,27.82,26.91,23.57,19.76,25.49
